attn jon [0.6298520261199493, 0.010084158086998696, 0.41750051130489463, 0.2931528915330919, 
0.7264132816301814, 0.047741973084167166, 0.26351267835570447, 0.9642346624993798,
0.6231874893676418, 0.19639783832349422, 0.5872201496902748, 0.23220690431537316, 
0.6389122070710939, 0.0659040575920421, 0.6067097138366416, 0.009801808104972443,
0.5143413186163138, 0.35503704120558555, 0.48529584818250293, 0.5241072020165716, 
.8720335816278479, 0.05849767573302089, 0.29747095979399074, 0.044652253098585004, 
0.018594971965554596, 0.37229493576346073, 0.9438491744624874, 0.08644617016022571, 
0.12265820047733311, 0.8974156894489046, 0.6550667682010438, 0.9432445549021683, 
.600249468868737]



